f 65 93 66
f 93 67 66
f 93 1 67
f 93 2 1
f 93 3 2
f 93 4 3
f 93 5 4
f 93 6 5
f 93 7 6
f 93 92 7
f 92 8 7
f 65 94 93
f 91 8 92
f 90 8 91
f 89 8 90
f 89 9 8
f 88 9 89
f 87 9 88
f 86 9 87
f 86 10 9
f 85 10 86
f 84 10 85
f 83 10 84
f 83 11 10
f 82 11 83
f 81 11 82
f 81 12 11
f 80 12 81
f 79 12 80
f 79 13 12
f 78 13 79
f 78 14 13
f 77 14 78
f 76 14 77
f 76 15 14
f 75 15 76
f 75 16 15
f 74 16 75
f 74 17 16
f 73 17 74
f 72 17 73
f 72 18 17
f 71 18 72
f 70 18 71
f 70 19 18
f 69 19 70
f 68 19 69
f 65 63 94
f 63 68 94
f 63 19 68
f 63 20 19
f 63 21 20
f 63 22 21
f 63 23 22
f 63 24 23
f 63 25 24
f 63 26 25
f 63 62 26
f 62 61 26
f 61 27 26
f 65 64 63
f 60 27 61
f 59 27 60
f 58 27 59
f 58 28 27
f 57 28 58
f 56 28 57
f 56 29 28
f 55 29 56
f 55 30 29
f 54 30 55
f 54 31 30
f 53 31 54
f 53 32 31
f 52 32 53
f 52 33 32
f 51 33 52
f 51 34 33
f 51 35 34
f 50 35 51
f 50 36 35
f 49 36 50
f 49 37 36
f 49 38 37
f 49 39 38
f 49 40 39
f 49 41 40
f 49 42 41
f 49 43 42
f 49 44 43
f 49 45 44
f 49 46 45
f 49 47 46
f 49 48 47
f 159 160 187
f 187 160 161
f 187 161 95
f 187 95 96
f 187 96 97
f 187 97 98
f 187 98 99
f 187 99 100
f 187 100 101
f 187 101 186
f 186 101 102
f 159 187 188
f 185 186 102
f 184 185 102
f 183 184 102
f 183 102 103
f 182 183 103
f 181 182 103
f 180 181 103
f 180 103 104
f 179 180 104
f 178 179 104
f 177 178 104
f 177 104 105
f 176 177 105
f 175 176 105
f 175 105 106
f 174 175 106
f 173 174 106
f 173 106 107
f 172 173 107
f 172 107 108
f 171 172 108
f 170 171 108
f 170 108 109
f 169 170 109
f 169 109 110
f 168 169 110
f 168 110 111
f 167 168 111
f 166 167 111
f 166 111 112
f 165 166 112
f 164 165 112
f 164 112 113
f 163 164 113
f 162 163 113
f 159 188 157
f 157 188 162
f 157 162 113
f 157 113 114
f 157 114 115
f 157 115 116
f 157 116 117
f 157 117 118
f 157 118 119
f 157 119 120
f 157 120 156
f 156 120 155
f 155 120 121
f 159 157 158
f 154 155 121
f 153 154 121
f 152 153 121
f 152 121 122
f 151 152 122
f 150 151 122
f 150 122 123
f 149 150 123
f 149 123 124
f 148 149 124
f 148 124 125
f 147 148 125
f 147 125 126
f 146 147 126
f 146 126 127
f 145 146 127
f 145 127 128
f 145 128 129
f 144 145 129
f 144 129 130
f 143 144 130
f 143 130 131
f 143 131 132
f 143 132 133
f 143 133 134
f 143 134 135
f 143 135 136
f 143 136 137
f 143 137 138
f 143 138 139
f 143 139 140
f 143 140 141
f 143 141 142
f 66 423 65
f 423 373 65
f 423 374 373
f 423 375 374
f 423 376 375
f 423 377 376
f 423 378 377
f 423 422 378
f 422 421 378
f 421 379 378
f 66 424 423
f 420 379 421
f 419 379 420
f 418 379 419
f 418 380 379
f 417 380 418
f 416 380 417
f 416 381 380
f 415 381 416
f 415 382 381
f 414 382 415
f 413 382 414
f 413 383 382
f 412 383 413
f 412 384 383
f 411 384 412
f 411 385 384
f 410 385 411
f 409 385 410
f 409 386 385
f 408 386 409
f 408 387 386
f 407 387 408
f 406 387 407
f 406 388 387
f 405 388 406
f 405 389 388
f 404 389 405
f 403 389 404
f 403 390 389
f 402 390 403
f 402 391 390
f 401 391 402
f 400 391 401
f 400 392 391
f 399 392 400
f 398 392 399
f 66 398 424
f 66 392 398
f 66 393 392
f 66 394 393
f 66 395 394
f 66 396 395
f 66 397 396
f 160 159 475
f 475 159 425
f 475 425 426
f 475 426 427
f 475 427 428
f 475 428 429
f 475 429 430
f 475 430 474
f 474 430 473
f 473 430 431
f 160 475 476
f 472 473 431
f 471 472 431
f 470 471 431
f 470 431 432
f 469 470 432
f 468 469 432
f 468 432 433
f 467 468 433
f 467 433 434
f 466 467 434
f 465 466 434
f 465 434 435
f 464 465 435
f 464 435 436
f 463 464 436
f 463 436 437
f 462 463 437
f 461 462 437
f 461 437 438
f 460 461 438
f 460 438 439
f 459 460 439
f 458 459 439
f 458 439 440
f 457 458 440
f 457 440 441
f 456 457 441
f 455 456 441
f 455 441 442
f 454 455 442
f 454 442 443
f 453 454 443
f 452 453 443
f 452 443 444
f 451 452 444
f 450 451 444
f 160 476 450
f 160 450 444
f 160 444 445
f 160 445 446
f 160 446 447
f 160 447 448
f 160 448 449
f 192 189 190
f 194 191 192
f 196 193 194
f 198 195 196
f 200 197 198
f 202 199 200
f 204 201 202
f 206 203 204
f 208 205 206
f 210 207 208
f 212 209 210
f 214 211 212
f 216 213 214
f 218 215 216
f 220 217 218
f 222 219 220
f 224 221 222
f 226 223 224
f 228 225 226
f 230 227 228
f 232 229 230
f 234 231 232
f 236 233 234
f 238 235 236
f 240 237 238
f 242 239 240
f 244 241 242
f 246 243 244
f 248 245 246
f 250 247 248
f 252 249 250
f 254 251 252
f 256 253 254
f 258 255 256
f 260 257 258
f 262 259 260
f 264 261 262
f 266 263 264
f 268 265 266
f 270 267 268
f 272 269 270
f 274 271 272
f 276 273 274
f 278 275 276
f 280 277 278
f 282 279 280
f 284 281 282
f 286 283 284
f 288 285 286
f 290 287 288
f 292 289 290
f 294 291 292
f 296 293 294
f 298 295 296
f 300 297 298
f 302 299 300
f 304 301 302
f 306 303 304
f 308 305 306
f 310 307 308
f 312 309 310
f 314 311 312
f 316 313 314
f 65 315 316
f 66 159 65
f 66 317 160
f 190 317 318
f 322 319 320
f 324 321 322
f 326 323 324
f 328 325 326
f 330 327 328
f 332 329 330
f 334 331 332
f 336 333 334
f 338 335 336
f 340 337 338
f 342 339 340
f 344 341 342
f 346 343 344
f 348 345 346
f 350 347 348
f 352 349 350
f 354 351 352
f 356 353 354
f 358 355 356
f 360 357 358
f 362 359 360
f 364 361 362
f 366 363 364
f 368 365 366
f 370 367 368
f 372 369 370
f 320 371 372
f 480 477 478
f 482 479 480
f 482 483 481
f 484 485 483
f 488 485 486
f 490 487 488
f 490 491 489
f 492 493 491
f 494 495 493
f 496 497 495
f 498 499 497
f 500 501 499
f 504 501 502
f 506 503 504
f 508 505 506
f 510 507 508
f 512 509 510
f 514 511 512
f 516 513 514
f 518 515 516
f 520 517 518
f 522 519 520
f 522 523 521
f 526 523 524
f 526 160 525
f 478 159 65
f 528 529 527
f 532 529 530
f 534 531 532
f 534 535 533
f 536 537 535
f 540 537 538
f 542 539 540
f 544 541 542
f 546 543 544
f 548 545 546
f 550 547 548
f 552 549 550
f 554 551 552
f 556 553 554
f 558 555 556
f 560 557 558
f 562 559 560
f 564 561 562
f 566 563 564
f 568 565 566
f 570 567 568
f 572 569 570
f 574 571 572
f 576 573 574
f 578 575 576
f 578 579 577
f 528 579 580
f 218 217 215
f 220 219 217
f 222 221 219
f 224 223 221
f 226 225 223
f 228 227 225
f 230 229 227
f 232 231 229
f 286 285 283
f 288 287 285
f 290 289 287
f 292 291 289
f 294 293 291
f 296 295 293
f 298 297 295
f 300 299 297
f 302 301 299
f 304 303 301
f 306 305 303
f 308 307 305
f 310 309 307
f 312 311 309
f 314 313 311
f 316 315 313
f 65 159 315
f 348 347 345
f 350 349 347
f 352 351 349
f 354 353 351
f 356 355 353
f 358 357 355
f 360 359 357
f 362 361 359
f 364 363 361
f 366 365 363
f 368 367 365
f 370 369 367
f 480 479 477
f 482 481 479
f 482 484 483
f 484 486 485
f 488 487 485
f 490 489 487
f 490 492 491
f 478 477 159
f 528 530 529
f 532 531 529
f 534 533 531
f 534 536 535
f 536 538 537
f 540 539 537
f 542 541 539
f 544 543 541
f 546 545 543
f 548 547 545
f 550 549 547
f 552 551 549
f 554 553 551
f 556 555 553
f 558 557 555
f 560 559 557
f 192 191 189
f 194 193 191
f 196 195 193
f 198 197 195
f 200 199 197
f 202 201 199
f 204 203 201
f 206 205 203
f 208 207 205
f 210 209 207
f 212 211 209
f 214 213 211
f 216 215 213
f 234 233 231
f 236 235 233
f 238 237 235
f 240 239 237
f 242 241 239
f 244 243 241
f 246 245 243
f 248 247 245
f 250 249 247
f 252 251 249
f 254 253 251
f 256 255 253
f 258 257 255
f 260 259 257
f 262 261 259
f 264 263 261
f 266 265 263
f 268 267 265
f 270 269 267
f 272 271 269
f 274 273 271
f 276 275 273
f 278 277 275
f 280 279 277
f 282 281 279
f 284 283 281
f 66 160 159
f 66 318 317
f 190 189 317
f 322 321 319
f 324 323 321
f 326 325 323
f 328 327 325
f 330 329 327
f 332 331 329
f 334 333 331
f 336 335 333
f 338 337 335
f 340 339 337
f 342 341 339
f 344 343 341
f 346 345 343
f 372 371 369
f 320 319 371
f 492 494 493
f 494 496 495
f 496 498 497
f 498 500 499
f 500 502 501
f 504 503 501
f 506 505 503
f 508 507 505
f 510 509 507
f 512 511 509
f 514 513 511
f 516 515 513
f 518 517 515
f 520 519 517
f 522 521 519
f 522 524 523
f 526 525 523
f 526 66 160
f 562 561 559
f 564 563 561
f 566 565 563
f 568 567 565
f 570 569 567
f 572 571 569
f 574 573 571
f 576 575 573
f 578 577 575
f 578 580 579
f 528 527 579
